-3.1415926535898  -3.1415926535898     1.     100.      0.1    0.5      1.15       0.6666666666667     2000      2      1    0.1     0.0031415926535898    0.0031415926535898    0.00005
x0                v0   w2     tmax       dt     gamma   fe           we                  run      mtd     Caos    DT       DX      DV      DF
    
    
Lista metodi:
1) Eulero
2) Eulero-Cromer
3) Verlet autoavviante
4) Rouge-Kutta 4


Condizioni particolari:
-3.1415926535898  -3.1415926535898     1.     93.      0.01    0.5      1.47       0.6666666666667     2000        3      1    0.0001     0.0031415926535898    0.0031415926535898    0.00005



caos:
0.01    -0.1    0.6    500    0.5    0.2    0.4    0.2    1000    4    1    0.01    0.1    0.1    0.1
0.       2.5    2.     300.   0.01   0.3    2.     0.8    1000    3    1    0.01    0.05   0.05   0.05
2.       -1.    2.     60     0.01  0.8     2.     0.5    5000    3    1    0.01    0.05    0.05   0.05

0.       2.5    1.     25000.     0.5     0.358    2.    0.9     1    3        0        0.1   0.3      0.1     0.1  (poincare)
0.01    -0.1     0.5     20       0.5     0.2       0.4     0.2   1000     3      1       0.01  0.034   0.034   0.05  
0.       1.4    2.     1000.      0.5      0.3    1.7    0.8    1         3        1    0.1   0.00035    0.001     -0.001 

per i bacini di attrazione meglio tmax piccoli (5-10sec)
per poincare settare caos=0 e mettere tmax grandi e dt piu piccoli di 2*pi/we
per sezioni di poincare decenti settare T=2*pi/we=N*dt, N intero



poincare
1.5707963267949  0.     1.      40000.  0.0    0.5     1.50   0.6666666666667            1         4       0   0.1     0.1     0.1    0.1
1.5707963267949  0.     1.     10000.    0.0      0.5   1.15   0.6666666666667            1         4       0     0.1    0.1     0.1    0.1



biforc
1.5707963267949  0.     1.     100.  0.5    0.5      0.9  0.6666666666667     400               4       1    0.1     0.1     0.1    0.001
1.5707963267949  0.     1.     97.      0.5    0.5      1.0       0.6666666666667     1000         4       1    0.1     0.1     0.1    0.0003
1.5707963267949  0.     1.     97.      0.5    0.5      0.90       0.6666666666667     12000        3       1    0.1     0.1     0.1    0.00005 **
1.5707963267949  0.     1.     97.      0.5    0.5      0.90       0.6666666666667     240000        2       1    0.1     0.1     0.1    0.0000025



bacini :*
-3.1415926535898  -3.1415926535898     1.     100.      0.1    0.5      1.15       0.6666666666667     2000      2      1    0.1     0.0031415926535898    0.0031415926535898    0.00005
-3.1415926535898  -3.1415926535898     1.     120.      0.01    0.5      1.47    0.6666666666667       25       2      1    0.0001     0.0031415926535898    0.0031415926535898    0.00005  
-3.1415926535898  -3.1415926535898     1.     100.      0.01    0.5      1.07       0.6666666666667     2000        3       1    0.1     0.0031415926535898    0.0031415926535898    0.00005
157min con rk4 prima dell'ottimiz, 120 dopo:
-3.1415926535898  -3.1415926535898     1.     93.      0.01    0.5      1.47       0.6666666666667     2000        3      1    0.1     0.0031415926535898    0.0031415926535898    0.00005

tmax=100, fe=1.07,1.15
tmax=93, fe=1.47,1.50
